.gitignore	100666	128	1773928663902.0562
campuslostfound	40666
	asgi.py	100666	423	1773827916349.8826
	settings.py	100666	3380	1773921914034.317
	urls.py	100666	989	1773827970561.088
	wsgi.py	100666	423	1773827916349.8826
	__init__.py	100666	0	1773827916356.4224
	__pycache__	40666
		settings.cpython-314.pyc	100666	2760	1773921914731.1543
		urls.cpython-314.pyc	100666	1371	1773828007372.2188
		wsgi.cpython-314.pyc	100666	677	1773828007549.5916
		__init__.cpython-314.pyc	100666	178	1773827920333.7434
db.sqlite3	100666	147456	1773928177216.4258
lostfound	40666
	admin.py	100666	66	1773827921474.9033
	apps.py	100666	98	1773827921474.9033
	migrations	40666
		__init__.py	100666	0	1773827921485.1626
	models.py	100666	60	1773827921474.9033
	tests.py	100666	63	1773827921474.9033
	views.py	100666	66	1773827921482.9412
	__init__.py	100666	0	1773827921485.1626
lostfoundapp	40666
	admin.py	100666	66	1773827930183.8577
	apps.py	100666	104	1773827930184.7146
	forms.py	100666	2910	1773927573723.1692
	migrations	40666
		0001_initial.py	100666	1427	1773827952013.6733
		0002_alter_item_contact_email.py	100666	417	1773829099514.7666
		0003_profile.py	100666	1230	1773905946042.4585
		__init__.py	100666	0	1773827930184.7146
		__pycache__	40666
			0001_initial.cpython-314.pyc	100666	2210	1773827954598.1895
			0002_alter_item_contact_email.cpython-314.pyc	100666	832	1773829102036.3174
			0003_profile.cpython-314.pyc	100666	1867	1773905946965.7417
			__init__.cpython-314.pyc	100666	186	1773827951966.8984
	models.py	100666	1753	1773905784123.2659
	static	40666
		lostfoundapp	40666
			css	40666
				style.css	100666	8086	1773926436071.9946
				style_old.css	100666	2765	1773828357511.875
			js	40666
				theme.js	100666	1020	1773829144203.094
	templates	40666
		base.html	100666	4016	1773926434050.1719
		edit_profile.html	100666	1986	1773925322587.4966
		home.html	100666	6662	1773926500449.0166
		item_detail.html	100666	7942	1773926533766.9326
		login.html	100666	3853	1773926502469.7686
		post_item.html	100666	8455	1773927575177.9998
		profile.html	100666	2536	1773925320560.2349
		search.html	100666	3295	1773925349627.5981
		signup.html	100666	3910	1773926504485.9075
	tests.py	100666	63	1773827930184.7146
	urls.py	100666	643	1773924226557.0752
	views.py	100666	3285	1773924424795.7925
	__init__.py	100666	0	1773827930184.7146
	__pycache__	40666
		admin.cpython-314.pyc	100666	219	1773827951416.9138
		apps.cpython-314.pyc	100666	487	1773827951330.1704
		forms.cpython-314.pyc	100666	4085	1773927575760.6902
		models.cpython-314.pyc	100666	3382	1773905785787.144
		urls.cpython-314.pyc	100666	1124	1773924228112.8706
		views.cpython-314.pyc	100666	5583	1773924426111.7456
		__init__.cpython-314.pyc	100666	175	1773827951296.1174
manage.py	100666	693	1773827916349.8826
README.md	100666	711	1773828027691.6687
staticfiles	40666
	admin	40666
		css	40666
			autocomplete.css	100666	9185	1773828369585.2993
			base.css	100666	23100	1773828369587.034
			changelists.css	100666	7498	1773828369588.0137
			dark_mode.css	100666	3538	1773828369588.0137
			dashboard.css	100666	441	1773828369588.0137
			forms.css	100666	8831	1773828369588.0137
			login.css	100666	951	1773828369588.0137
			nav_sidebar.css	100666	2810	1773828369588.0137
			responsive.css	100666	16273	1773828369588.0137
			responsive_rtl.css	100666	2157	1773828369588.0137
			rtl.css	100666	4779	1773828369599.921
			unusable_password_field.css	100666	663	1773828369600.7686
			vendor	40666
				select2	40666
					LICENSE-SELECT2.md	100666	1124	1773828369605.1345
					select2.css	100666	17358	1773828369608.2942
					select2.min.css	100666	14966	1773828369608.2942
			widgets.css	100666	11811	1773828369600.7686
		img	40666
			calendar-icons.svg	100666	1320	1773828369611.9912
			icon-addlink.svg	100666	593	1773828369611.9912
			icon-alert-dark.svg	100666	684	1773828369614.008
			icon-alert.svg	100666	684	1773828369615.7693
			icon-calendar.svg	100666	1112	1773828369616.4775
			icon-changelink.svg	100666	978	1773828369618.5723
			icon-clock.svg	100666	805	1773828369618.5723
			icon-debug-dark.svg	100666	1247	1773828369621.4673
			icon-debug.svg	100666	1247	1773828369623.483
			icon-deletelink.svg	100666	689	1773828369625.4993
			icon-hidelink.svg	100666	1131	1773828369625.4993
			icon-info-dark.svg	100666	630	1773828369627.5132
			icon-info.svg	100666	630	1773828369627.5132
			icon-no-dark.svg	100666	645	1773828369629.5266
			icon-no.svg	100666	645	1773828369631.5388
			icon-unknown-alt.svg	100666	806	1773828369631.5388
			icon-unknown.svg	100666	806	1773828369633.5522
			icon-viewlink.svg	100666	928	1773828369635.574
			icon-yes-dark.svg	100666	558	1773828369637.3823
			icon-yes.svg	100666	558	1773828369639.6562
			inline-delete.svg	100666	651	1773828369639.6562
			README.md	100666	3022	1773828369639.6562
			search.svg	100666	607	1773828369639.6562
			selector-icons.svg	100666	2387	1773828369639.6562
			sorting-icons.svg	100666	1761	1773828369639.6562
			tooltag-add.svg	100666	593	1773828369639.6562
			tooltag-arrowright.svg	100666	569	1773828369639.6562
		js	40666
			actions.js	100666	8076	1773828369647.8171
			admin	40666
				DateTimeShortcuts.js	100666	19698	1773828369672.1987
				RelatedObjectLookups.js	100666	9777	1773828369674.858
			autocomplete.js	100666	1060	1773828369647.8171
			calendar.js	100666	9159	1773828369649.6804
			cancel.js	100666	884	1773828369652.291
			change_form.js	100666	606	1773828369654.3108
			core.js	100666	6208	1773828369656.0686
			filters.js	100666	978	1773828369656.0686
			inlines.js	100666	15628	1773828369658.8447
			jquery.init.js	100666	347	1773828369658.8447
			nav_sidebar.js	100666	3063	1773828369658.8447
			popup_response.js	100666	532	1773828369658.8447
			prepopulate.js	100666	1531	1773828369664.098
			prepopulate_init.js	100666	586	1773828369664.098
			SelectBox.js	100666	4530	1773828369666.5024
			SelectFilter2.js	100666	16428	1773828369668.1738
			theme.js	100666	1653	1773828369668.1738
			urlify.js	100666	7887	1773828369668.1738
			vendor	40666
				jquery	40666
					jquery.js	100666	285314	1773828369677.5305
					jquery.min.js	100666	87533	1773828369677.5305
					LICENSE.txt	100666	1097	1773828369680.2764
				select2	40666
					i18n	40666
						af.js	100666	866	1773828369685.3752
						ar.js	100666	905	1773828369687.8948
						az.js	100666	721	1773828369687.8948
						bg.js	100666	968	1773828369689.9153
						bn.js	100666	1291	1773828369691.9287
						bs.js	100666	965	1773828369691.9287
						ca.js	100666	900	1773828369693.9426
						cs.js	100666	1292	1773828369695.9543
						da.js	100666	828	1773828369695.9543
						de.js	100666	866	1773828369697.9675
						dsb.js	100666	1017	1773828369697.9675
						el.js	100666	1182	1773828369699.7744
						en.js	100666	844	1773828369699.7744
						es.js	100666	922	1773828369699.7744
						et.js	100666	801	1773828369704.0703
						eu.js	100666	868	1773828369704.0703
						fa.js	100666	1023	1773828369707.6843
						fi.js	100666	803	1773828369707.6843
						fr.js	100666	924	1773828369707.6843
						gl.js	100666	924	1773828369707.6843
						he.js	100666	984	1773828369712.086
						hi.js	100666	1175	1773828369712.086
						hr.js	100666	852	1773828369712.086
						hsb.js	100666	1018	1773828369716.4475
						hu.js	100666	831	1773828369717.2847
						hy.js	100666	1028	1773828369717.2847
						id.js	100666	768	1773828369720.3347
						is.js	100666	807	1773828369721.38
						it.js	100666	897	1773828369721.38
						ja.js	100666	862	1773828369721.38
						ka.js	100666	1195	1773828369721.38
						km.js	100666	1088	1773828369721.38
						ko.js	100666	855	1773828369721.38
						lt.js	100666	944	1773828369721.38
						lv.js	100666	900	1773828369721.38
						mk.js	100666	1038	1773828369721.38
						ms.js	100666	811	1773828369721.38
						nb.js	100666	778	1773828369733.132
						ne.js	100666	1357	1773828369733.132
						nl.js	100666	904	1773828369733.132
						pl.js	100666	947	1773828369737.535
						ps.js	100666	1049	1773828369737.535
						pt-BR.js	100666	876	1773828369737.535
						pt.js	100666	878	1773828369737.535
						ro.js	100666	938	1773828369737.535
						ru.js	100666	1171	1773828369737.535
						sk.js	100666	1306	1773828369737.535
						sl.js	100666	925	1773828369737.535
						sq.js	100666	903	1773828369737.535
						sr-Cyrl.js	100666	1109	1773828369749.8086
						sr.js	100666	980	1773828369749.8086
						sv.js	100666	786	1773828369751.7393
						th.js	100666	1074	1773828369754.0208
						tk.js	100666	771	1773828369754.0208
						tr.js	100666	775	1773828369754.0208
						uk.js	100666	1156	1773828369754.0208
						vi.js	100666	796	1773828369754.0208
						zh-CN.js	100666	768	1773828369754.0208
						zh-TW.js	100666	707	1773828369754.0208
					LICENSE.md	100666	1124	1773828369680.2764
					select2.full.js	100666	173566	1773828369683.1091
					select2.full.min.js	100666	79212	1773828369685.3752
				xregexp	40666
					LICENSE.txt	100666	1106	1773828369754.0208
					xregexp.js	100666	325171	1773828369754.0208
					xregexp.min.js	100666	163184	1773828369764.7078
	lostfoundapp	40666
		css	40666
			style.css	100666	2765	1773828369768.5767
